Duration:10
84.8097796848471
84.81819532433299
84.32203808967702
83.87350180117734
84.3612433963474
82.48894162321386
85.75587456125885
84.36888663157754
84.81819532433299
84.8111810381032
84.8111810381032
84.81819532433299
85.72459957554784
85.26750401708843
83.92045584043288
86.29735013038945
85.7461635638808
85.3443698219177
85.76417776938973
85.81873270656033
84.36888663157754
85.38217393680522
85.85494942223039
85.8333976101339
87.70125118721812
83.53839821634853
84.80697261814522
83.92045584043288
84.83362562633667
84.828005383075
84.83362562633667
84.828005383075
85.8333976101339
85.8333976101339
83.48726878584044
83.93720642759622
83.48726878584044
84.41790284758522
83.48726878584044
84.37039348218867
84.33976200950019
84.91143298625235
86.19730211066809
85.38456866077603
85.32422557670132
84.41790284758522
84.85108990217766
83.91691913320092
84.46100374755412
85.3492747921166
85.3141001604973
83.98079892450757
87.25103349936104
87.72334057754775
88.18078093701624
87.72334057754775
87.7227626934476
87.25103349936104
86.80686225497877
87.25103349936104
86.78534460458877
86.79919778022571
87.69343852350448
87.2582514105742
87.25103349936104
87.2297842027998
88.1593561366656
87.68658065124042
88.1677464153619
87.69403327600499
84.87343614890463
83.99678091042976
83.9392653799279
84.87343614890463
83.48726878584044
83.99678091042976
83.48726878584044
84.40471971129816
84.38241940987317
84.85574370249688
83.4307363116958
84.44024909431218
84.37132878331138
83.49579719604546
85.28780710588038
85.3388904802749
84.7780018512734
85.28780710588038
84.3900548077246
84.87343614890463
85.3388904802749
84.86296161371001
84.80557109226518
85.31410016049729
84.9337792329793
83.96090820671762
84.46100374755412
84.37132878331138
83.49579719604546
83.49579719604546
83.99678091042976
84.44024909431218
83.4307363116958
85.3639453280943
84.41892645028624
85.38456866077603
84.90570342568245
85.39923356434959
85.41344030333767
84.54959044214158
85.8150838748816
83.09762506777442
84.49031104909689
84.45956840559963
84.93917416016129
84.49031104909689
85.3639453280943
85.44159211520682
85.3639453280943
84.93821213455212
84.49031104909689
83.59120025337269
84.07643921787326
84.9922144799424
87.31622484053104
88.69560318980655
87.84703721089953
87.87117124899177
89.18969281043039
90.47712245760292
89.13065151171561
89.58179005850292
90.41219274140231
89.17111441305521
87.42694445129392
84.69498967370511
84.0938588862295
85.51553684847326
82.98790013394097
81.94839392669704
82.943732149548
82.40535663140857
84.19056738814254
82.40535663140857
84.34888292691704
84.02132130155655
88.52092506618916
88.95923327235194
89.47731616048738
89.09554095254785
88.22278724337498
90.41022530168355
90.87289676732021
89.09426521500463
89.49133412726111
87.20221326305924
86.42801464882182
83.60422744251807
83.0470425318261
83.45370921670597
82.47491382559849
82.91190697739532
82.47491382559849
84.80690117048565
83.90484776349325
84.95775761072957
88.80477383153233
90.50666553131204
90.60979811485342
89.87662131389408
90.76575461550732
92.14026493747942
91.64499324911272
93.23817610734686
90.70731936854428
88.06965884081663
88.44050013164467
86.68905848538856
86.57612875506932
86.5106750942036
87.99639430146838
88.88297652245814
90.2981540104281
90.83290177503524
92.24428262309804
91.89138329503258
94.93294662867739
95.84908638033487
98.42477894740041
97.9533957352358
97.88834944488788
95.9547400420587
95.36016460484551
95.9468630539735
93.94518622903756
95.03720588407884
93.46796519507852
95.99566616738987
94.5063016576655
95.9321959529032
96.42144353891555
95.9194750161393
